System Time,RDTSC,Elapsed Time (sec),CPU Frequency_0(MHz),Processor Power_0(Watt),Cumulative Processor Energy_0(Joules),Cumulative Processor Energy_0(mWh),IA Power_0(Watt),Cumulative IA Energy_0(Joules),Cumulative IA Energy_0(mWh),Package Temperature_0(C),Package Hot_0,GT Power_0(Watt),Cumulative GT Energy_0(Joules),Cumulative GT Energy_0(mWh),Package Power Limit_0(Watt),GT Frequency(MHz)
12:04:05:042, 97418280534093,    0.096, 2500,  19.600,   1.886,   0.524,   8.522,   0.820,   0.228, 71,  0,   6.841,   0.658,   0.183,  25.000, 1100
12:04:05:245, 97418799347148,    0.296, 2500,  21.616,   6.209,   1.725,   7.564,   2.333,   0.648, 71,  0,   9.963,   2.651,   0.736,  25.000, 1100
12:04:05:448, 97419318247444,    0.496, 2500,  21.717,  10.554,   2.932,   7.092,   3.752,   1.042, 71,  0,  10.581,   4.767,   1.324,  25.000, 1100
12:04:05:651, 97419838292341,    0.697, 2500,  21.584,  14.881,   4.134,   7.258,   5.207,   1.446, 71,  0,  10.279,   6.828,   1.897,  25.000, 1100
12:04:05:854, 97420354975999,    0.896, 2500,  21.429,  19.149,   5.319,   7.090,   6.619,   1.839, 71,  0,  10.281,   8.876,   2.466,  25.000, 1100
12:04:06:042, 97420873998847,    1.096, 2500,  21.760,  23.503,   6.529,   7.010,   8.022,   2.228, 72,  0,  10.678,  11.012,   3.059,  25.000, 1100
12:04:06:245, 97421393202908,    1.296, 2500,  21.529,  27.812,   7.726,   7.332,   9.489,   2.636, 73,  0,  10.177,  13.049,   3.625,  25.000, 1100
12:04:06:448, 97421928334847,    1.502, 2900,  21.713,  32.291,   8.970,   7.415,  11.019,   3.061, 72,  0,  10.190,  15.152,   4.209,  25.000, 1100
12:04:06:651, 97422430285885,    1.696, 2500,  21.906,  36.530,  10.147,   7.192,  12.410,   3.447, 73,  0,  10.607,  17.204,   4.779,  25.000, 1100
12:04:06:854, 97422948805469,    1.896, 2800,  21.824,  40.893,  11.359,   7.406,  13.891,   3.859, 73,  0,  10.309,  19.265,   5.351,  25.000, 1100
12:04:07:042, 97423469913489,    2.097, 2500,  22.036,  45.320,  12.589,   7.138,  15.325,   4.257, 73,  0,  10.782,  21.431,   5.953,  25.000, 1100
12:04:07:245, 97423986616355,    2.296, 2500,  21.514,  49.605,  13.779,   7.317,  16.782,   4.662, 74,  0,  10.102,  23.443,   6.512,  25.000, 1100
12:04:07:448, 97424507195990,    2.497, 2500,  21.732,  53.966,  14.991,   7.898,  18.367,   5.102, 74,  0,   9.719,  25.394,   7.054,  25.000, 1100
12:04:07:651, 97425023986173,    2.696, 2500,  21.758,  58.301,  16.195,   7.281,  19.818,   5.505, 73,  0,  10.447,  27.475,   7.632,  25.000, 1100
12:04:07:854, 97425543145699,    2.896, 2500,  21.548,  62.614,  17.393,   7.364,  21.292,   5.914, 73,  0,  10.161,  29.509,   8.197,  25.000, 1100
12:04:08:042, 97426061488254,    3.096, 3100,  21.570,  66.924,  18.590,   7.025,  22.695,   6.304, 73,  0,  10.509,  31.609,   8.780,  25.000, 1100
12:04:08:245, 97426581868711,    3.296, 2500,  21.608,  71.259,  19.794,   7.195,  24.139,   6.705, 73,  0,  10.317,  33.678,   9.355,  25.000, 1100
12:04:08:448, 97427100856026,    3.497, 2500,  21.731,  75.606,  21.002,   7.687,  25.677,   7.132, 74,  0,   9.938,  35.667,   9.907,  25.000, 1100
12:04:08:651, 97427618098629,    3.696, 2500,  21.687,  79.931,  22.203,   7.036,  27.080,   7.522, 74,  0,  10.589,  37.778,  10.494,  25.000, 1100
12:04:08:854, 97428138905147,    3.897, 2500,  21.624,  84.272,  23.409,   7.280,  28.541,   7.928, 73,  0,  10.287,  39.844,  11.068,  25.000, 1100
12:04:09:042, 97428656043811,    4.096, 2500,  21.804,  88.619,  24.616,   7.324,  30.001,   8.334, 74,  0,  10.438,  41.924,  11.646,  25.000, 1100
12:04:09:245, 97429177121188,    4.297, 2500,  20.735,  92.784,  25.773,   7.973,  31.603,   8.779, 75,  0,   8.722,  43.677,  12.132,  25.000, 1100
12:04:09:448, 97429693053757,    4.496, 3000,  21.882,  97.136,  26.982,   7.735,  33.141,   9.206, 74,  0,  10.052,  45.676,  12.688,  25.000, 1100
12:04:09:651, 97430212580842,    4.696, 2700,  21.729, 101.488,  28.191,   7.177,  34.579,   9.605, 74,  0,  10.541,  47.787,  13.274,  25.000, 1100
12:04:09:854, 97430732075191,    4.896, 2500,  20.747, 105.643,  29.345,   7.979,  36.177,  10.049, 75,  0,   8.619,  49.513,  13.754,  25.000, 1100
12:04:10:042, 97431251531405,    5.097, 2500,  21.888, 110.027,  30.563,   7.115,  37.602,  10.445, 74,  0,  10.739,  51.664,  14.351,  25.000, 1100
12:04:10:245, 97431770802715,    5.297, 2500,  21.856, 114.402,  31.778,   7.713,  39.146,  10.874, 75,  0,  10.051,  53.676,  14.910,  25.000, 1100
12:04:10:448, 97432287639864,    5.496, 3000,  21.829, 118.751,  32.986,   7.664,  40.673,  11.298, 75,  0,  10.084,  55.685,  15.468,  25.000, 1100
12:04:10:651, 97432807727002,    5.697, 2500,  22.023, 123.166,  34.213,   7.146,  42.105,  11.696, 75,  0,  10.819,  57.854,  16.071,  25.000, 1100
12:04:10:854, 97433326404827,    5.897, 2500,  21.801, 127.526,  35.424,   7.241,  43.553,  12.098, 75,  0,  10.495,  59.952,  16.653,  25.000, 1100
12:04:11:042, 97433845741496,    6.097, 3000,  21.614, 131.853,  36.626,   7.224,  45.000,  12.500, 75,  0,  10.347,  62.024,  17.229,  25.000, 1100
12:04:11:245, 97434364070864,    6.297, 2500,  22.033, 136.256,  37.849,   7.232,  46.445,  12.901, 76,  0,  10.758,  64.174,  17.826,  25.000, 1100
12:04:11:448, 97434881489986,    6.496, 3000,  21.624, 140.569,  39.047,   7.545,  47.950,  13.319, 76,  0,  10.019,  66.172,  18.381,  25.000, 1100
12:04:11:651, 97435401476766,    6.696, 2500,  22.142, 145.007,  40.280,   7.190,  49.391,  13.720, 76,  0,  10.839,  68.345,  18.985,  25.000, 1100
12:04:11:854, 97435921026523,    6.897, 2500,  21.736, 149.361,  41.489,   7.154,  50.824,  14.118, 75,  0,  10.442,  70.436,  19.566,  25.000, 1100
12:04:12:042, 97436439346521,    7.097, 2500,  21.636, 153.684,  42.690,   7.135,  52.249,  14.514, 75,  0,  10.396,  72.514,  20.143,  25.000, 1100
12:04:12:245, 97436958023120,    7.297, 2500,  22.070, 158.097,  43.916,   7.091,  53.667,  14.908, 76,  0,  10.851,  74.683,  20.745,  25.000, 1100
12:04:12:448, 97437475217061,    7.496, 2700,  21.728, 162.429,  45.119,   7.395,  55.142,  15.317, 76,  0,  10.216,  76.720,  21.311,  25.000, 1000
12:04:12:651, 97437995469634,    7.696, 2500,  21.758, 166.793,  46.331,   7.327,  56.611,  15.725, 76,  0,  10.272,  78.780,  21.883,  25.000, 1100
12:04:12:854, 97438514517525,    7.897, 2500,  22.069, 171.209,  47.558,   7.147,  58.041,  16.123, 76,  0,  10.820,  80.945,  22.485,  25.000, 1100
12:04:13:042, 97439033400564,    8.097, 2500,  21.765, 175.562,  48.767,   7.223,  59.486,  16.524, 76,  0,  10.439,  83.033,  23.065,  25.000, 1100
12:04:13:245, 97439551988732,    8.297, 2500,  21.868, 179.934,  49.982,   7.197,  60.925,  16.924, 76,  0,  10.524,  85.137,  23.649,  25.000, 1100
12:04:13:448, 97440070106895,    8.496, 2500,  21.957, 184.320,  51.200,   7.179,  62.359,  17.322, 77,  0,  10.713,  87.277,  24.244,  25.000, 1100
12:04:13:651, 97440589690851,    8.697, 2500,  21.989, 188.724,  52.423,   7.648,  63.891,  17.747, 76,  0,  10.207,  89.321,  24.812,  25.000, 1100
12:04:13:854, 97441107511687,    8.896, 2500,  21.987, 193.113,  53.643,   7.089,  65.306,  18.140, 76,  0,  10.830,  91.483,  25.412,  25.000, 1100
12:04:14:042, 97441625960172,    9.096, 2500,  21.710, 197.452,  54.848,   7.154,  66.736,  18.538, 76,  0,  10.472,  93.576,  25.993,  25.000, 1100
12:04:14:245, 97442144673279,    9.296, 2500,  21.915, 201.835,  56.065,   7.310,  68.197,  18.944, 76,  0,  10.521,  95.680,  26.578,  25.000, 1100
12:04:14:448, 97442664610516,    9.496, 2500,  22.006, 206.246,  57.290,   7.164,  69.633,  19.343, 78,  0,  10.808,  97.846,  27.180,  25.000, 1100
12:04:14:651, 97443183211111,    9.696, 2500,  21.822, 210.608,  58.502,   7.704,  71.174,  19.770, 77,  0,  10.059,  99.857,  27.738,  25.000, 1100
12:04:14:854, 97443701982540,    9.896, 2500,  21.757, 214.960,  59.711,   7.218,  72.617,  20.171, 77,  0,  10.471, 101.952,  28.320,  25.000, 1100
12:04:15:042, 97444220351479,   10.096, 2500,  21.869, 219.330,  60.925,   7.050,  74.026,  20.563, 77,  0,  10.781, 104.106,  28.918,  25.000, 1100
12:04:15:245, 97444738382144,   10.296, 2500,  21.826, 223.689,  62.136,   7.260,  75.476,  20.966, 78,  0,  10.500, 106.203,  29.501,  25.000, 1100
12:04:15:448, 97445258979681,   10.497, 2500,  21.896, 228.083,  63.356,   7.086,  76.898,  21.361, 77,  0,  10.785, 108.367,  30.102,  25.000, 1100
12:04:15:651, 97445777329736,   10.696, 2500,  21.627, 232.405,  64.557,   7.591,  78.415,  21.782, 77,  0,   9.969, 110.360,  30.655,  25.000, 1100
12:04:15:854, 97446294986345,   10.896, 2500,  21.878, 236.771,  65.770,   7.374,  79.887,  22.191, 77,  0,  10.466, 112.448,  31.236,  25.000, 1100
12:04:16:042, 97446815537929,   11.097, 2500,  22.061, 241.198,  66.999,   7.160,  81.323,  22.590, 77,  0,  10.859, 114.627,  31.841,  25.000, 1100
12:04:16:245, 97447332468485,   11.296, 2500,  21.813, 245.545,  68.207,   7.223,  82.763,  22.990, 78,  0,  10.527, 116.725,  32.424,  25.000, 1100
12:04:16:448, 97447852769576,   11.497, 2500,  21.686, 249.894,  69.415,   7.188,  84.205,  23.390, 78,  0,  10.451, 118.821,  33.006,  25.000, 1100
12:04:16:651, 97448370223982,   11.696, 2000,  16.898, 253.265,  70.351,   5.743,  85.350,  23.708, 76,  0,   7.048, 120.227,  33.396,  25.000,  700
12:04:16:854, 97448891453850,   11.897, 2000,  14.489, 256.176,  71.160,   4.501,  86.255,  23.960, 75,  0,   5.927, 121.418,  33.727,  25.000,  700
12:04:17:042, 97449410109821,   12.097, 2000,  14.323, 259.040,  71.956,   4.299,  87.114,  24.198, 75,  0,   6.030, 122.624,  34.062,  25.000,  750
12:04:17:245, 97449926780641,   12.296, 2000,  14.473, 261.923,  72.756,   4.456,  88.002,  24.445, 75,  0,   5.970, 123.813,  34.393,  25.000,  750
12:04:17:448, 97450445738493,   12.496, 2000,  14.631, 264.850,  73.570,   4.380,  88.878,  24.688, 74,  0,   6.257, 125.065,  34.740,  25.000,  750
12:04:17:651, 97450966681867,   12.697, 2000,  14.801, 267.823,  74.395,   4.705,  89.823,  24.951, 76,  0,   6.084, 126.287,  35.080,  25.000,  750
12:04:17:854, 97451484345559,   12.896, 2000,  14.537, 270.724,  75.201,   4.646,  90.750,  25.208, 75,  0,   5.922, 127.468,  35.408,  25.000,  800
12:04:18:042, 97452003187493,   13.097, 2000,  14.829, 273.690,  76.025,   4.535,  91.657,  25.460, 74,  0,   6.324, 128.733,  35.759,  25.000,  800
12:04:18:245, 97452522281936,   13.297, 2000,  14.753, 276.642,  76.845,   4.755,  92.609,  25.725, 75,  0,   6.051, 129.944,  36.096,  25.000,  800
12:04:18:448, 97453041238538,   13.497, 2000,  15.074, 279.658,  77.683,   4.724,  93.554,  25.987, 75,  0,   6.355, 131.215,  36.449,  25.000,  800
12:04:18:651, 97453559952474,   13.697, 2000,  14.765, 282.610,  78.503,   4.713,  94.496,  26.249, 74,  0,   6.031, 132.421,  36.784,  25.000,  750
12:04:18:854, 97454077218080,   13.896, 2000,  14.940, 285.589,  79.330,   4.863,  95.466,  26.518, 74,  0,   6.053, 133.628,  37.119,  25.000,  750
12:04:19:042, 97454597301470,   14.097, 2000,  14.882, 288.573,  80.159,   4.642,  96.396,  26.777, 74,  0,   6.270, 134.885,  37.468,  25.000,  800
12:04:19:245, 97455116342187,   14.297, 2000,  15.028, 291.580,  80.994,   4.516,  97.300,  27.028, 75,  0,   6.570, 136.200,  37.833,  25.000,  800
12:04:19:448, 97455633402476,   14.496, 2000,  15.035, 294.577,  81.827,   4.731,  98.243,  27.290, 74,  0,   6.334, 137.463,  38.184,  25.000,  800
12:04:19:651, 97456152887926,   14.696, 2000,  14.977, 297.576,  82.660,   4.727,  99.190,  27.553, 75,  0,   6.311, 138.726,  38.535,  25.000,  800
12:04:19:854, 97456672955926,   14.897, 2000,  14.917, 300.567,  83.491,   5.043, 100.201,  27.834, 75,  0,   5.843, 139.898,  38.861,  25.000,  750
12:04:20:042, 97457190608867,   15.096, 2000,  14.797, 303.520,  84.311,   4.514, 101.101,  28.084, 74,  0,   6.338, 141.163,  39.212,  25.000,  800
12:04:20:245, 97457710367215,   15.297, 2000,  15.036, 306.533,  85.148,   4.531, 102.009,  28.336, 74,  0,   6.542, 142.473,  39.576,  25.000,  800
12:04:20:448, 97458228001312,   15.496, 2000,  14.949, 309.516,  85.977,   4.764, 102.960,  28.600, 74,  0,   6.176, 143.706,  39.918,  25.000,  800
12:04:20:651, 97458748427246,   15.697, 2000,  14.941, 312.513,  86.809,   4.414, 103.846,  28.846, 74,  0,   6.636, 145.037,  40.288,  25.000,  800
12:04:20:854, 97459265070719,   15.896, 2000,  14.985, 315.498,  87.638,   4.877, 104.817,  29.116, 74,  0,   6.107, 146.254,  40.626,  25.000,  800
12:04:21:042, 97459784984378,   16.096, 2000,  14.859, 318.476,  88.466,   4.657, 105.750,  29.375, 73,  0,   6.285, 147.513,  40.976,  25.000,  800
12:04:21:245, 97460303122143,   16.296, 2000,  14.987, 321.470,  89.297,   4.771, 106.703,  29.640, 74,  0,   6.268, 148.765,  41.324,  25.000,  800
12:04:21:448, 97460823394816,   16.497, 2000,  14.901, 324.458,  90.127,   4.710, 107.648,  29.902, 74,  0,   6.306, 150.030,  41.675,  25.000,  800
12:04:21:651, 97461340380366,   16.696, 2000,  14.998, 327.447,  90.958,   4.705, 108.586,  30.163, 74,  0,   6.293, 151.284,  42.023,  25.000,  800
12:04:21:854, 97461859292157,   16.896, 2000,  14.761, 330.400,  91.778,   4.599, 109.506,  30.418, 74,  0,   6.170, 152.519,  42.366,  25.000,  800
12:04:22:042, 97462378125947,   17.096, 2000,  15.060, 333.412,  92.615,   4.563, 110.419,  30.672, 73,  0,   6.461, 153.811,  42.725,  25.000,  800
12:04:22:245, 97462898510877,   17.297, 2000,  14.964, 336.414,  93.448,   4.428, 111.307,  30.919, 73,  0,   6.490, 155.113,  43.087,  25.000,  800
12:04:22:448, 97463415818026,   17.496, 2000,  14.953, 339.396,  94.277,   4.328, 112.170,  31.158, 73,  0,   6.629, 156.435,  43.454,  25.000,  800
12:04:22:651, 97463936315812,   17.697, 2000,  14.929, 342.392,  95.109,   4.492, 113.071,  31.409, 74,  0,   6.482, 157.736,  43.815,  25.000,  800
12:04:22:854, 97464453611895,   17.896, 2000,  14.865, 345.356,  95.932,   4.734, 114.015,  31.671, 74,  0,   6.125, 158.957,  44.155,  25.000,  800
12:04:23:042, 97464971801162,   18.096, 2000,  15.029, 348.359,  96.766,   5.080, 115.030,  31.953, 74,  0,   5.900, 160.136,  44.482,  25.000,  750
12:04:23:245, 97465491179027,   18.296, 2000,  14.733, 351.308,  97.586,   4.445, 115.920,  32.200, 73,  0,   6.344, 161.406,  44.835,  25.000,  800
12:04:23:448, 97466010554461,   18.496, 2000,  15.057, 354.323,  98.423,   4.387, 116.798,  32.444, 73,  0,   6.736, 162.755,  45.210,  25.000,  800
12:04:23:651, 97466529141915,   18.696, 2000,  14.991, 357.320,  99.256,   4.621, 117.722,  32.701, 73,  0,   6.374, 164.029,  45.564,  25.000,  750
12:04:23:854, 97467048859849,   18.897, 2000,  14.938, 360.313, 100.087,   4.449, 118.613,  32.948, 73,  0,   6.535, 165.338,  45.927,  25.000,  800
12:04:24:042, 97467566920083,   19.096, 2000,  14.991, 363.307, 100.919,   4.889, 119.590,  33.219, 74,  0,   6.038, 166.544,  46.262,  25.000,  800
12:04:24:245, 97468085031552,   19.296, 2000,  14.905, 366.284, 101.746,   4.392, 120.467,  33.463, 73,  0,   6.495, 167.841,  46.623,  25.000,  800
12:04:24:448, 97468603312364,   19.496, 2000,  14.922, 369.265, 102.574,   4.413, 121.349,  33.708, 73,  0,   6.502, 169.140,  46.983,  25.000,  800
12:04:24:651, 97469122065196,   19.696, 2000,  14.979, 372.261, 103.406,   4.747, 122.298,  33.972, 74,  0,   6.132, 170.366,  47.324,  25.000,  800
12:04:24:854, 97469640881362,   19.896, 2000,  14.852, 375.232, 104.231,   4.534, 123.205,  34.224, 73,  0,   6.308, 171.628,  47.674,  25.000,  800
12:04:25:042, 97470162003665,   20.097, 2000,  14.845, 378.214, 105.059,   4.862, 124.182,  34.495, 74,  0,   5.985, 172.830,  48.008,  25.000,  800
12:04:25:245, 97470678541255,   20.296, 2000,  15.106, 381.222, 105.895,   5.166, 125.211,  34.781, 74,  0,   5.873, 174.000,  48.333,  25.000,  750
12:04:25:448, 97471198825378,   20.497, 2000,  14.642, 384.159, 106.711,   4.684, 126.150,  35.042, 74,  0,   6.116, 175.227,  48.674,  25.000,  800
12:04:25:651, 97471716025115,   20.696, 2000,  15.153, 387.180, 107.550,   4.536, 127.055,  35.293, 73,  0,   6.762, 176.575,  49.049,  25.000,  800
12:04:25:854, 97472236823235,   20.897, 2000,  15.122, 390.216, 108.393,   4.744, 128.007,  35.558, 74,  0,   6.450, 177.870,  49.408,  25.000,  850
12:04:26:058, 97472762935238,   21.100, 2000,  14.991, 393.256, 109.238,   4.816, 128.984,  35.829, 74,  0,   6.323, 179.152,  49.765,  25.000,  800
12:04:26:245, 97473272532489,   21.296, 2000,  14.785, 396.161, 110.045,   4.611, 129.890,  36.080, 74,  0,   6.321, 180.394,  50.109,  25.000,  800
12:04:26:448, 97473799678802,   21.499, 2000,  14.323, 399.072, 110.853,   4.973, 130.900,  36.361, 74,  0,   5.314, 181.474,  50.409,  25.000,  950
12:04:26:651, 97474310293805,   21.696, 2000,  15.746, 402.171, 111.714,   4.573, 131.800,  36.611, 73,  0,   7.143, 182.880,  50.800,  25.000,  750
12:04:26:854, 97474831839443,   21.897, 2000,  14.813, 405.149, 112.542,   4.352, 132.676,  36.854, 73,  0,   6.437, 184.174,  51.159,  25.000,  800
12:04:27:042, 97475348979630,   22.096, 2000,  14.912, 408.122, 113.367,   4.294, 133.532,  37.092, 72,  0,   6.622, 185.494,  51.526,  25.000,  750
12:04:27:245, 97475866606688,   22.296, 2000,  14.876, 411.091, 114.192,   4.779, 134.485,  37.357, 73,  0,   6.040, 186.700,  51.861,  25.000,  800
12:04:27:448, 97476385458149,   22.496, 2000,  14.912, 414.073, 115.020,   4.259, 135.337,  37.594, 72,  0,   6.658, 188.031,  52.231,  25.000,  750
12:04:27:651, 97476906255917,   22.697, 2000,  15.023, 417.090, 115.858,   4.536, 136.248,  37.847, 73,  0,   6.441, 189.324,  52.590,  25.000,  750
12:04:27:854, 97477424692347,   22.897, 2000,  14.740, 420.035, 116.677,   4.749, 137.197,  38.110, 73,  0,   5.951, 190.514,  52.920,  25.000,  800
12:04:28:042, 97477943427767,   23.097, 2000,  15.116, 423.058, 117.516,   4.680, 138.133,  38.370, 73,  0,   6.423, 191.798,  53.277,  25.000,  750
12:04:28:245, 97478462201487,   23.297, 2000,  14.895, 426.037, 118.344,   4.972, 139.127,  38.646, 74,  0,   5.887, 192.975,  53.604,  25.000,  750
12:04:28:448, 97478979869454,   23.496, 2000,  14.823, 428.995, 119.165,   4.398, 140.005,  38.890, 73,  0,   6.491, 194.271,  53.964,  25.000,  800
12:04:28:651, 97479498051804,   23.696, 2000,  14.991, 431.990, 119.997,   4.513, 140.906,  39.141, 73,  0,   6.506, 195.570,  54.325,  25.000,  800
12:04:28:854, 97480017442216,   23.896, 2000,  15.007, 434.995, 120.832,   4.588, 141.825,  39.396, 73,  0,   6.427, 196.857,  54.683,  25.000,  800
12:04:29:042, 97480537507234,   24.097, 2000,  14.997, 438.002, 121.667,   4.788, 142.785,  39.663, 73,  0,   6.229, 198.106,  55.029,  25.000,  750
12:04:29:261, 97481076362854,   24.304, 2000,  14.864, 441.089, 122.525,   4.819, 143.786,  39.941, 73,  0,   6.034, 199.360,  55.378,  25.000,  750
12:04:29:448, 97481573177345,   24.496, 2000,  14.842, 443.932, 123.314,   4.523, 144.653,  40.181, 73,  0,   6.383, 200.582,  55.717,  25.000,  800
12:04:29:651, 97482093951333,   24.697, 2000,  14.896, 446.923, 124.145,   4.576, 145.571,  40.436, 73,  0,   6.346, 201.856,  56.071,  25.000,  800
12:04:29:854, 97482612903029,   24.897, 2000,  14.995, 449.922, 124.978,   4.455, 146.462,  40.684, 73,  0,   6.579, 203.172,  56.437,  25.000,  800
12:04:30:042, 97483131552257,   25.097, 2000,  15.052, 452.932, 125.814,   4.567, 147.376,  40.938, 73,  0,   6.479, 204.468,  56.797,  25.000,  800
12:04:30:245, 97483649585149,   25.296, 2000,  14.917, 455.911, 126.642,   4.738, 148.322,  41.201, 73,  0,   6.179, 205.701,  57.139,  25.000,  800
12:04:30:448, 97484169365688,   25.497, 2000,  14.916, 458.900, 127.472,   4.748, 149.273,  41.465, 72,  0,   6.110, 206.926,  57.479,  25.000,  800
12:04:30:651, 97484685902134,   25.696, 2000,  14.927, 461.872, 128.298,   4.475, 150.164,  41.712, 73,  0,   6.512, 208.222,  57.840,  25.000,  800
12:04:30:854, 97485205910350,   25.896, 2000,  15.021, 464.883, 129.134,   4.600, 151.087,  41.969, 73,  0,   6.443, 209.514,  58.198,  25.000,  800
12:04:31:042, 97485723682782,   26.096, 2000,  14.885, 467.854, 129.960,   4.508, 151.986,  42.218, 73,  0,   6.434, 210.798,  58.555,  25.000,  800
12:04:31:245, 97486242898489,   26.296, 2000,  15.008, 470.858, 130.794,   4.374, 152.862,  42.462, 71,  0,   6.695, 212.138,  58.927,  25.000,  800
12:04:31:448, 97486761915835,   26.496, 2000,  14.866, 473.833, 131.620,   4.877, 153.838,  42.733, 73,  0,   5.986, 213.336,  59.260,  25.000,  800
12:04:31:651, 97487281230246,   26.696, 2000,  14.953, 476.827, 132.452,   4.347, 154.708,  42.974, 72,  0,   6.623, 214.662,  59.628,  25.000,  800
12:04:31:855, 97487799062174,   26.896, 2000,  14.922, 479.805, 133.279,   4.483, 155.603,  43.223, 72,  0,   6.451, 215.950,  59.986,  25.000,  800
12:04:32:042, 97488318871183,   27.096, 2000,  14.977, 482.807, 134.113,   4.305, 156.465,  43.463, 73,  0,   6.671, 217.286,  60.357,  25.000,  800
12:04:32:245, 97488837101217,   27.296, 2000,  14.937, 485.791, 134.942,   4.433, 157.351,  43.709, 72,  0,   6.469, 218.579,  60.716,  25.000,  800
12:04:32:448, 97489356494558,   27.496, 2000,  14.952, 488.785, 135.774,   4.867, 158.326,  43.979, 73,  0,   5.993, 219.779,  61.050,  25.000,  750
12:04:32:651, 97489875242914,   27.696, 2000,  14.574, 491.699, 136.583,   4.725, 159.271,  44.242, 73,  0,   5.787, 220.936,  61.371,  25.000,  850
12:04:32:855, 97490393493000,   27.896, 2000,  15.148, 494.725, 137.424,   4.644, 160.199,  44.500, 73,  0,   6.553, 222.245,  61.735,  25.000,  850
12:04:33:042, 97490911632604,   28.096, 2000,  15.156, 497.753, 138.265,   4.611, 161.120,  44.755, 72,  0,   6.633, 223.570,  62.103,  25.000,  750
12:04:33:245, 97491432092497,   28.297, 2000,  14.802, 500.722, 139.090,   4.600, 162.043,  45.012, 71,  0,   6.273, 224.829,  62.452,  25.000,  800
12:04:33:448, 97491963518870,   28.501, 2000,  14.939, 503.783, 139.940,   4.893, 163.045,  45.290, 72,  0,   6.051, 226.068,  62.797,  25.000,  850
12:04:33:651, 97492469065384,   28.696, 2000,  15.111, 506.728, 140.758,   4.853, 163.991,  45.553, 72,  0,   6.305, 227.297,  63.138,  25.000,  800
12:04:33:855, 97492988831767,   28.897, 2000,  14.697, 509.673, 141.576,   4.800, 164.953,  45.820, 73,  0,   5.926, 228.485,  63.468,  25.000,  850
12:04:34:042, 97493506283595,   29.096, 2000,  15.158, 512.697, 142.416,   4.808, 165.912,  46.087, 73,  0,   6.439, 229.769,  63.825,  25.000,  800
12:04:34:245, 97494025327809,   29.296, 2000,  14.828, 515.664, 143.240,   4.870, 166.886,  46.357, 71,  0,   6.025, 230.974,  64.160,  25.000,  800
12:04:34:448, 97494545191730,   29.497, 2000,  14.963, 518.662, 144.073,   4.877, 167.864,  46.629, 73,  0,   6.163, 232.210,  64.503,  25.000,  800
12:04:34:651, 97495062612936,   29.696, 2000,  14.843, 521.623, 144.895,   4.937, 168.848,  46.902, 73,  0,   5.943, 233.395,  64.832,  25.000,  800
12:04:34:855, 97495581379623,   29.896, 2000,  14.882, 524.599, 145.722,   4.765, 169.801,  47.167, 73,  0,   6.152, 234.625,  65.174,  25.000,  850
12:04:34:948, 97495851430513,   30.000, 2000,  15.311, 526.193, 146.165,   4.759, 170.297,  47.305, 72,  0,   6.579, 235.310,  65.364,  25.000,  800

Total Elapsed Time (sec) = 30.000265
Measured RDTSC Frequency (GHz) = 2.594

Cumulative Processor Energy_0 (Joules) = 526.193420
Cumulative Processor Energy_0 (mWh) = 146.164839
Average Processor Power_0 (Watt) = 17.539626

Cumulative IA Energy_0 (Joules) = 170.296692
Cumulative IA Energy_0 (mWh) = 47.304637
Average IA Power_0 (Watt) = 5.676506

Cumulative GT Energy_0 (Joules) = 235.310059
Cumulative GT Energy_0 (mWh) = 65.363905
Average GT Power_0 (Watt) = 7.843599
