System Time,RDTSC,Elapsed Time (sec),CPU Frequency_0(MHz),Processor Power_0(Watt),Cumulative Processor Energy_0(Joules),Cumulative Processor Energy_0(mWh),IA Power_0(Watt),Cumulative IA Energy_0(Joules),Cumulative IA Energy_0(mWh),Package Temperature_0(C),Package Hot_0,GT Power_0(Watt),Cumulative GT Energy_0(Joules),Cumulative GT Energy_0(mWh),Package Power Limit_0(Watt),GT Frequency(MHz)
14:02:45:252, 274532504720656,    0.986, 2500,  17.362,  17.124,   4.757,   6.988,   6.892,   1.915, 69,  0,   6.107,   6.023,   1.673,  25.000, 1100
14:02:45:451, 274533021104024,    1.185, 2000,  15.984,  20.306,   5.640,   3.856,   7.660,   2.128, 65,  0,   7.840,   7.584,   2.107,  25.000, 1100
14:02:45:650, 274533538060025,    1.385, 2100,  16.644,  23.623,   6.562,   4.350,   8.527,   2.369, 66,  0,   7.655,   9.109,   2.530,  25.000, 1100
14:02:45:850, 274534057391172,    1.585, 3100,  19.588,  27.544,   7.651,   6.912,   9.911,   2.753, 70,  0,   8.346,  10.780,   2.994,  25.000, 1100
14:02:46:050, 274534576724734,    1.785, 2500,  18.632,  31.274,   8.687,   6.406,  11.193,   3.109, 69,  0,   7.986,  12.379,   3.439,  25.000, 1100
14:02:46:250, 274535095088825,    1.985, 2000,  15.729,  34.417,   9.560,   3.524,  11.897,   3.305, 66,  0,   7.687,  13.915,   3.865,  25.000, 1100
14:02:46:450, 274535614085064,    2.185, 2000,  16.021,  37.623,  10.451,   3.961,  12.690,   3.525, 66,  0,   7.287,  15.373,   4.270,  25.000, 1100
14:02:46:651, 274536133438849,    2.385, 2000,  16.867,  41.000,  11.389,   4.516,  13.594,   3.776, 67,  0,   8.035,  16.982,   4.717,  25.000, 1100
14:02:46:850, 274536651551532,    2.585, 2500,  19.320,  44.859,  12.461,   6.656,  14.924,   4.145, 67,  0,   8.398,  18.659,   5.183,  25.000, 1100
14:02:47:051, 274537171452644,    2.785, 3100,  17.846,  48.435,  13.454,   5.469,  16.020,   4.450, 72,  0,   7.717,  20.206,   5.613,  25.000, 1100
14:02:47:250, 274537688288974,    2.985, 2500,  19.267,  52.274,  14.521,   6.755,  17.366,   4.824, 70,  0,   8.182,  21.836,   6.066,  25.000, 1100
14:02:47:450, 274538207606276,    3.185, 2000,  15.800,  55.437,  15.399,   3.700,  18.106,   5.030, 67,  0,   7.771,  23.392,   6.498,  25.000, 1100
14:02:47:650, 274538726984661,    3.385, 2000,  16.473,  58.736,  16.315,   4.434,  18.994,   5.276, 67,  0,   7.386,  24.871,   6.908,  25.000, 1100
14:02:47:850, 274539246118061,    3.585, 2000,  18.820,  62.502,  17.362,   6.565,  20.308,   5.641, 67,  0,   8.019,  26.475,   7.354,  25.000, 1100
14:02:48:050, 274539764230759,    3.785, 2500,  18.216,  66.140,  18.372,   5.833,  21.473,   5.965, 69,  0,   8.191,  28.112,   7.809,  25.000, 1100
14:02:48:251, 274540284306068,    3.985, 2500,  19.977,  70.146,  19.485,   7.184,  22.913,   6.365, 68,  0,   8.272,  29.770,   8.269,  25.000, 1100
14:02:48:450, 274540801944602,    4.185, 2500,  19.162,  73.969,  20.547,   7.519,  24.414,   6.782, 71,  0,   7.364,  31.240,   8.678,  25.000, 1100
14:02:48:650, 274541320226899,    4.385, 3100,  17.788,  77.523,  21.534,   7.328,  25.878,   7.188, 71,  0,   6.284,  32.495,   9.026,  25.000, 1100
14:02:48:850, 274541840595073,    4.585, 2500,  16.317,  80.797,  22.444,   4.513,  26.783,   7.440, 68,  0,   7.195,  33.938,   9.427,  25.000, 1100
14:02:49:050, 274542358322361,    4.785, 2000,  16.420,  84.074,  23.354,   4.250,  27.631,   7.675, 68,  0,   7.580,  35.451,   9.848,  25.000, 1100
14:02:49:250, 274542877595004,    4.985, 2500,  18.907,  87.859,  24.405,   6.276,  28.888,   8.024, 70,  0,   8.336,  37.120,  10.311,  25.000, 1100
14:02:49:451, 274543396581921,    5.185, 2000,  15.765,  91.013,  25.281,   3.424,  29.573,   8.215, 68,  0,   7.646,  38.650,  10.736,  25.000, 1100
14:02:49:650, 274543914597929,    5.385, 2500,  15.968,  94.202,  26.167,   4.054,  30.382,   8.440, 68,  0,   7.316,  40.111,  11.142,  25.000, 1100
14:02:50:106, 274545097970899,    5.841, 2100,  10.593,  99.034,  27.509,   3.224,  31.853,   8.848, 66,  0,   3.436,  41.678,  11.577,  25.000, 1100
14:02:50:107, 274545099940447,    5.842, 2100,  12.299,  99.043,  27.512,   6.913,  31.858,   8.849, 65,  0,   0.000,  41.678,  11.577,  25.000, 1100
14:02:50:250, 274545471182650,    5.985, 2800,  18.366, 101.672,  28.242,   7.045,  32.866,   9.130, 70,  0,   7.085,  42.692,  11.859,  25.000, 1100
14:02:50:450, 274545989926431,    6.185, 2300,  16.267, 104.925,  29.146,   4.270,  33.720,   9.367, 67,  0,   7.576,  44.207,  12.280,  25.000, 1100
14:02:50:651, 274546509581379,    6.385, 2000,  16.265, 108.183,  30.051,   4.120,  34.546,   9.596, 68,  0,   7.852,  45.780,  12.717,  25.000, 1100
14:02:50:850, 274547027479961,    6.585, 3100,  19.763, 112.129,  31.147,   6.939,  35.931,   9.981, 71,  0,   8.464,  47.470,  13.186,  25.000, 1100
14:02:51:050, 274547545598077,    6.785, 2500,  19.805, 116.085,  32.246,   7.033,  37.336,  10.371, 72,  0,   8.390,  49.146,  13.652,  25.000, 1100
14:02:51:251, 274548068092535,    6.986, 2500,  17.403, 119.590,  33.219,   5.281,  38.400,  10.667, 69,  0,   7.851,  50.727,  14.091,  25.000, 1100
14:02:51:450, 274548583758217,    7.185, 2000,  17.399, 123.049,  34.180,   4.923,  39.378,  10.938, 69,  0,   7.740,  52.266,  14.518,  25.000, 1100
14:02:51:650, 274549102683486,    7.385, 2000,  16.227, 126.295,  35.082,   4.257,  40.230,  11.175, 68,  0,   7.339,  53.734,  14.926,  25.000, 1100
14:02:51:850, 274549622495103,    7.585, 2300,  20.658, 130.435,  36.232,   7.673,  41.768,  11.602, 71,  0,   8.583,  55.454,  15.404,  25.000, 1100
14:02:52:051, 274550141482742,    7.785, 2500,  18.874, 134.211,  37.281,   7.181,  43.204,  12.001, 72,  0,   7.319,  56.918,  15.811,  25.000, 1100
14:02:52:251, 274550659823407,    7.985, 2500,  17.963, 137.800,  38.278,   7.193,  44.641,  12.400, 73,  0,   6.457,  58.209,  16.169,  25.000, 1100
14:02:52:450, 274551178210748,    8.185, 2500,  18.512, 141.500,  39.305,   7.588,  46.158,  12.822, 73,  0,   6.608,  59.529,  16.536,  25.000, 1100
14:02:52:650, 274551696317838,    8.385, 2000,  16.639, 144.823,  40.229,   4.625,  47.081,  13.078, 69,  0,   7.453,  61.018,  16.949,  25.000, 1100
14:02:52:850, 274552215608683,    8.585, 2000,  16.460, 148.118,  41.144,   4.527,  47.988,  13.330, 69,  0,   7.315,  62.482,  17.356,  25.000, 1100
14:02:53:050, 274552733995346,    8.785, 2500,  17.754, 151.666,  42.129,   5.440,  49.075,  13.632, 70,  0,   8.088,  64.098,  17.805,  25.000, 1100
14:02:53:249, 274553252377464,    8.985, 2500,  18.837, 155.430,  43.175,   6.356,  50.345,  13.985, 73,  0,   8.234,  65.744,  18.262,  25.000, 1100
14:02:53:450, 274553771039165,    9.185, 2500,  18.917, 159.213,  44.226,   6.337,  51.612,  14.337, 73,  0,   8.094,  67.362,  18.712,  25.000, 1100
14:02:53:651, 274554292142031,    9.385, 2500,  16.412, 162.510,  45.142,   4.155,  52.447,  14.569, 70,  0,   7.992,  68.968,  19.158,  25.000, 1100
14:02:53:851, 274554810673485,    9.585, 2500,  17.456, 165.999,  46.111,   4.890,  53.424,  14.840, 71,  0,   8.160,  70.599,  19.611,  25.000, 1100
14:02:54:050, 274555327981073,    9.785, 2500,  17.280, 169.445,  47.068,   4.957,  54.413,  15.115, 70,  0,   7.518,  72.098,  20.027,  25.000, 1100
14:02:54:250, 274555847889995,    9.985, 2000,  16.479, 172.748,  47.986,   4.288,  55.272,  15.353, 70,  0,   7.832,  73.668,  20.463,  25.000, 1100
14:02:54:450, 274556365626615,   10.185, 2500,  17.253, 176.192,  48.942,   4.861,  56.243,  15.623, 72,  0,   7.977,  75.260,  20.906,  25.000, 1100
14:02:54:650, 274556885534094,   10.385, 2500,  19.978, 180.196,  50.054,   7.121,  57.670,  16.019, 72,  0,   8.577,  76.979,  21.383,  25.000, 1100
14:02:54:851, 274557404770677,   10.585, 2000,  16.453, 183.489,  50.969,   4.550,  58.581,  16.272, 70,  0,   7.549,  78.490,  21.803,  25.000, 1100
14:02:55:051, 274557923610112,   10.785, 3100,  18.880, 187.266,  52.018,   6.395,  59.860,  16.628, 73,  0,   8.303,  80.151,  22.264,  25.000, 1100
14:02:55:250, 274558441993925,   10.985, 3100,  17.835, 190.830,  53.008,   5.463,  60.951,  16.931, 71,  0,   7.924,  81.735,  22.704,  25.000, 1100
14:02:55:450, 274558959701673,   11.185, 2400,  16.239, 194.071,  53.908,   4.484,  61.846,  17.180, 70,  0,   7.385,  83.209,  23.114,  25.000, 1100
14:02:55:650, 274559479056168,   11.385, 2500,  20.289, 198.133,  55.037,   7.371,  63.322,  17.589, 74,  0,   8.616,  84.934,  23.593,  25.000, 1100
14:02:55:850, 274559997944739,   11.585, 3100,  20.291, 202.192,  56.164,   7.320,  64.786,  17.996, 73,  0,   8.670,  86.668,  24.074,  25.000, 1100
14:02:56:050, 274560516291621,   11.785, 2500,  17.345, 205.658,  57.127,   5.227,  65.831,  18.286, 71,  0,   7.623,  88.191,  24.498,  25.000, 1100
14:02:56:250, 274561034976560,   11.985, 2500,  19.398, 209.536,  58.205,   6.721,  67.175,  18.660, 73,  0,   8.419,  89.875,  24.965,  25.000, 1050
14:02:56:451, 274561555078903,   12.185, 2100,  16.675, 212.880,  59.133,   4.423,  68.062,  18.906, 71,  0,   7.676,  91.414,  25.393,  25.000, 1100
14:02:56:650, 274562073464023,   12.385, 2500,  19.537, 216.784,  60.218,   6.818,  69.424,  19.285, 73,  0,   8.240,  93.060,  25.850,  25.000, 1100
14:02:56:850, 274562590603167,   12.585, 2000,  16.835, 220.140,  61.150,   4.482,  70.318,  19.533, 71,  0,   8.052,  94.666,  26.296,  25.000, 1100
14:02:57:050, 274563109737419,   12.785, 2000,  16.705, 223.483,  62.079,   4.185,  71.155,  19.765, 71,  0,   7.901,  96.247,  26.735,  25.000, 1100
14:02:57:250, 274563629139653,   12.985, 2000,  16.623, 226.812,  63.003,   4.544,  72.065,  20.018, 71,  0,   7.379,  97.724,  27.146,  25.000, 1100
14:02:57:450, 274564148316103,   13.185, 2000,  16.594, 230.133,  63.926,   4.308,  72.927,  20.258, 71,  0,   8.025,  99.330,  27.592,  25.000, 1100
14:02:57:651, 274564667581312,   13.385, 2000,  18.784, 233.893,  64.970,   6.440,  74.217,  20.616, 73,  0,   8.021, 100.936,  28.038,  25.000, 1100
14:02:57:850, 274565185314155,   13.585, 2500,  19.332, 237.752,  66.042,   6.569,  75.528,  20.980, 75,  0,   8.446, 102.622,  28.506,  25.000, 1100
14:02:58:050, 274565703672041,   13.785, 2000,  18.639, 241.476,  67.077,   6.688,  76.864,  21.351, 74,  0,   7.787, 104.178,  28.938,  25.000, 1100
14:02:58:250, 274566223343254,   13.985, 2500,  18.003, 245.083,  68.079,   5.593,  77.985,  21.662, 76,  0,   8.125, 105.805,  29.390,  25.000, 1100
14:02:58:450, 274566742100229,   14.185, 3100,  19.898, 249.063,  69.184,   7.214,  79.427,  22.063, 74,  0,   8.412, 107.488,  29.858,  25.000, 1100
14:02:58:650, 274567261401501,   14.385, 2500,  17.266, 252.519,  70.144,   5.111,  80.451,  22.347, 73,  0,   7.736, 109.036,  30.288,  25.000, 1050
14:02:58:849, 274567778950645,   14.585, 2500,  21.092, 256.727,  71.313,   7.559,  81.959,  22.766, 75,  0,   8.616, 110.756,  30.765,  25.000, 1100
14:02:59:051, 274568299315976,   14.785, 2000,  17.480, 260.234,  72.287,   4.523,  82.866,  23.018, 73,  0,   7.541, 112.268,  31.186,  25.000, 1100
14:02:59:250, 274568816123492,   14.985, 2300,  17.276, 263.676,  73.243,   4.397,  83.742,  23.262, 73,  0,   7.923, 113.847,  31.624,  25.000, 1100
14:02:59:450, 274569335250079,   15.185, 3100,  19.595, 267.597,  74.333,   6.002,  84.943,  23.595, 75,  0,   8.652, 115.578,  32.105,  25.000, 1100
14:02:59:650, 274569854114393,   15.385, 2100,  17.390, 271.076,  75.299,   4.713,  85.886,  23.857, 73,  0,   7.572, 117.093,  32.526,  25.000, 1100
14:02:59:850, 274570372669363,   15.585, 3100,  20.600, 275.194,  76.443,   7.584,  87.402,  24.278, 75,  0,   8.607, 118.813,  33.004,  25.000, 1100
14:03:00:050, 274570892195630,   15.785, 2000,  16.304, 278.459,  77.350,   4.104,  88.224,  24.507, 72,  0,   7.861, 120.388,  33.441,  25.000, 1100
14:03:00:250, 274571411632720,   15.985, 2000,  16.727, 281.809,  78.280,   4.307,  89.086,  24.746, 73,  0,   7.676, 121.925,  33.868,  25.000, 1100
14:03:00:450, 274571929738843,   16.185, 2000,  16.639, 285.132,  79.203,   4.308,  89.947,  24.985, 72,  0,   7.699, 123.463,  34.295,  25.000, 1100
14:03:00:650, 274572448886246,   16.385, 2000,  16.456, 288.425,  80.118,   4.157,  90.779,  25.216, 72,  0,   7.495, 124.963,  34.712,  25.000, 1100
14:03:00:850, 274572968693338,   16.585, 2500,  18.682, 292.169,  81.158,   6.215,  92.024,  25.562, 76,  0,   8.069, 126.580,  35.161,  25.000, 1100
14:03:01:050, 274573486129953,   16.785, 3100,  17.774, 295.714,  82.143,   5.296,  93.081,  25.856, 74,  0,   8.235, 128.222,  35.617,  25.000, 1100
14:03:01:251, 274574006546277,   16.985, 2200,  18.338, 299.393,  83.165,   6.152,  94.315,  26.199, 73,  0,   7.557, 129.738,  36.038,  25.000, 1100
14:03:01:451, 274574525736462,   17.186, 2000,  16.357, 302.667,  84.074,   4.519,  95.219,  26.450, 73,  0,   7.394, 131.218,  36.450,  25.000, 1100
14:03:01:650, 274575043532295,   17.385, 3100,  19.901, 306.640,  85.178,   7.222,  96.661,  26.850, 75,  0,   8.450, 132.905,  36.918,  25.000, 1100
14:03:01:850, 274575562688020,   17.585, 2500,  19.841, 310.611,  86.281,   7.053,  98.073,  27.242, 75,  0,   8.481, 134.602,  37.390,  25.000, 1100
14:03:02:050, 274576080471429,   17.785, 2000,  17.330, 314.070,  87.242,   5.048,  99.080,  27.522, 73,  0,   7.637, 136.127,  37.813,  25.000, 1100
14:03:02:251, 274576599670042,   17.985, 2000,  19.397, 317.952,  88.320,   6.664, 100.414,  27.893, 76,  0,   8.422, 137.812,  38.281,  25.000, 1100
14:03:02:451, 274577118851172,   18.185, 2000,  16.058, 321.166,  89.213,   3.684, 101.151,  28.098, 73,  0,   7.775, 139.369,  38.713,  25.000, 1100
14:03:02:651, 274577637790278,   18.385, 2500,  16.558, 324.479,  90.133,   4.393, 102.030,  28.342, 75,  0,   7.491, 140.867,  39.130,  25.000, 1100
14:03:02:851, 274578157497353,   18.586, 2000,  17.229, 327.930,  91.092,   4.963, 103.024,  28.618, 73,  0,   8.085, 142.487,  39.580,  25.000, 1100
14:03:03:050, 274578673916631,   18.785, 2100,  17.735, 331.461,  92.073,   5.362, 104.092,  28.914, 73,  0,   7.904, 144.061,  40.017,  25.000, 1100
14:03:03:250, 274579193100876,   18.985, 2000,  16.273, 334.718,  92.977,   4.303, 104.953,  29.154, 73,  0,   7.324, 145.526,  40.424,  25.000, 1100
14:03:03:450, 274579712071885,   19.185, 2000,  16.476, 338.015,  93.893,   4.302, 105.814,  29.393, 73,  0,   7.922, 147.111,  40.864,  25.000, 1100
14:03:03:651, 274580231668167,   19.385, 2800,  19.515, 341.924,  94.979,   6.781, 107.172,  29.770, 77,  0,   8.486, 148.811,  41.336,  25.000, 1100
14:03:03:851, 274580750543400,   19.585, 2500,  19.083, 345.741,  96.039,   6.634, 108.499,  30.139, 75,  0,   8.053, 150.422,  41.784,  25.000, 1100
14:03:04:050, 274581268775294,   19.785, 2500,  18.507, 349.438,  97.066,   5.968, 109.691,  30.470, 75,  0,   8.222, 152.065,  42.240,  25.000, 1100
14:03:04:250, 274581786063810,   19.985, 2000,  16.453, 352.719,  97.977,   3.909, 110.471,  30.686, 74,  0,   8.094, 153.679,  42.689,  25.000, 1100
14:03:04:450, 274582305045141,   20.185, 2000,  16.286, 355.977,  98.883,   4.035, 111.278,  30.910, 74,  0,   7.521, 155.183,  43.106,  25.000, 1100
14:03:04:650, 274582824463968,   20.385, 2000,  16.456, 359.272,  99.798,   4.024, 112.083,  31.134, 74,  0,   8.038, 156.793,  43.554,  25.000, 1100
14:03:04:850, 274583343592200,   20.585, 2000,  16.471, 362.569, 100.714,   3.949, 112.874,  31.354, 73,  0,   8.114, 158.417,  44.005,  25.000, 1100
14:03:05:051, 274583863354717,   20.785, 2600,  17.775, 366.130, 101.703,   5.006, 113.877,  31.632, 76,  0,   8.073, 160.034,  44.454,  25.000, 1050
14:03:05:251, 274584381623309,   20.985, 2500,  17.787, 369.684, 102.690,   5.337, 114.943,  31.929, 74,  0,   8.104, 161.654,  44.904,  25.000, 1100
14:03:05:451, 274584901448614,   21.186, 2000,  16.317, 372.954, 103.598,   4.093, 115.763,  32.157, 73,  0,   7.963, 163.249,  45.347,  25.000, 1100
14:03:05:651, 274585420497732,   21.386, 2000,  16.431, 376.242, 104.512,   3.951, 116.554,  32.376, 73,  0,   7.653, 164.781,  45.772,  25.000, 1100
14:03:05:850, 274585938147444,   21.585, 2500,  20.471, 380.327, 105.646,   6.813, 117.913,  32.754, 76,  0,   8.699, 166.516,  46.255,  25.000, 1100
14:03:06:050, 274586455831203,   21.785, 2000,  17.107, 383.741, 106.595,   4.131, 118.738,  32.983, 74,  0,   8.098, 168.133,  46.704,  25.000, 1100
14:03:06:250, 274586975282105,   21.985, 2200,  18.310, 387.407, 107.613,   5.290, 119.797,  33.277, 74,  0,   7.849, 169.704,  47.140,  25.000, 1100
14:03:06:451, 274587494168104,   22.185, 2500,  18.093, 391.026, 108.618,   5.203, 120.838,  33.566, 75,  0,   7.695, 171.244,  47.568,  25.000, 1100
14:03:06:651, 274588013558658,   22.385, 2000,  16.745, 394.379, 109.550,   3.938, 121.626,  33.785, 73,  0,   8.088, 172.863,  48.018,  25.000, 1100
14:03:06:850, 274588531694586,   22.585, 2500,  20.096, 398.393, 110.665,   7.284, 123.081,  34.189, 76,  0,   8.530, 174.567,  48.491,  25.000, 1100
14:03:07:050, 274589049645797,   22.785, 3100,  17.543, 401.896, 111.638,   5.410, 124.161,  34.489, 75,  0,   7.652, 176.095,  48.915,  25.000, 1100
14:03:07:251, 274589569852668,   22.985, 2500,  21.972, 406.303, 112.862,   8.650, 125.896,  34.971, 77,  0,   8.830, 177.865,  49.407,  25.000, 1100
14:03:07:451, 274590089175162,   23.185, 2000,  17.552, 409.817, 113.838,   4.953, 126.888,  35.247, 75,  0,   7.963, 179.460,  49.850,  25.000, 1100
14:03:07:650, 274590606478796,   23.385, 2500,  19.357, 413.677, 114.910,   6.436, 128.171,  35.603, 77,  0,   8.545, 181.164,  50.323,  25.000, 1100
14:03:07:850, 274591124888848,   23.585, 2500,  22.270, 418.127, 116.147,   8.982, 129.966,  36.102, 77,  0,   8.845, 182.931,  50.814,  25.000, 1100
14:03:08:050, 274591644002038,   23.785, 2500,  20.387, 422.207, 117.280,   8.163, 131.600,  36.555, 77,  0,   7.605, 184.453,  51.237,  25.000, 1100
14:03:08:249, 274592162527401,   23.985, 2600,  20.747, 426.354, 118.432,   8.052, 133.209,  37.003, 77,  0,   8.283, 186.109,  51.697,  25.000, 1050
14:03:08:451, 274592682731926,   24.185, 2500,  22.281, 430.823, 119.673,   9.288, 135.072,  37.520, 79,  0,   8.633, 187.840,  52.178,  25.000, 1100
14:03:08:651, 274593201556268,   24.385, 2500,  20.593, 434.942, 120.817,   8.500, 136.772,  37.992, 77,  0,   7.535, 189.347,  52.596,  25.000, 1100
14:03:08:850, 274593719558328,   24.585, 2500,  21.984, 439.331, 122.037,   8.958, 138.561,  38.489, 79,  0,   8.664, 191.077,  53.077,  25.000, 1100
14:03:09:050, 274594238034677,   24.785, 2400,  16.659, 442.661, 122.961,   4.146, 139.390,  38.719, 75,  0,   8.015, 192.679,  53.522,  25.000, 1100
14:03:09:250, 274594757148139,   24.985, 2300,  17.287, 446.121, 123.922,   4.853, 140.361,  38.989, 75,  0,   7.696, 194.219,  53.950,  25.000, 1100
14:03:09:450, 274595275859821,   25.185, 2300,  18.049, 449.730, 124.925,   5.683, 141.497,  39.305, 75,  0,   8.051, 195.829,  54.397,  25.000, 1100
14:03:09:651, 274595795139146,   25.385, 3100,  18.951, 453.524, 125.979,   6.073, 142.713,  39.643, 76,  0,   8.579, 197.546,  54.874,  25.000, 1100
14:03:09:851, 274596314370203,   25.585, 2100,  17.333, 456.993, 126.943,   4.920, 143.698,  39.916, 75,  0,   7.763, 199.100,  55.306,  25.000, 1100
14:03:10:051, 274596833092806,   25.785, 2500,  19.776, 460.948, 128.041,   6.921, 145.082,  40.300, 77,  0,   8.413, 200.783,  55.773,  25.000, 1100
14:03:10:251, 274597352718363,   25.986, 2000,  17.718, 464.497, 129.027,   5.164, 146.116,  40.588, 76,  0,   8.188, 202.423,  56.229,  25.000, 1100
14:03:10:450, 274597869152908,   26.185, 2500,  18.691, 468.218, 130.061,   5.960, 147.303,  40.917, 77,  0,   8.220, 204.060,  56.683,  25.000, 1100
14:03:10:650, 274598389556196,   26.385, 2500,  19.661, 472.162, 131.156,   6.665, 148.640,  41.289, 77,  0,   8.613, 205.787,  57.163,  25.000, 1100
14:03:10:850, 274598908696647,   26.585, 2500,  19.903, 476.146, 132.263,   6.971, 150.035,  41.676, 77,  0,   8.609, 207.510,  57.642,  25.000, 1100
14:03:11:051, 274599426802495,   26.785, 2000,  17.049, 479.551, 133.209,   4.522, 150.938,  41.927, 76,  0,   7.953, 209.099,  58.083,  25.000, 1100
14:03:11:251, 274599945881325,   26.985, 2000,  17.350, 483.023, 134.173,   5.086, 151.956,  42.210, 76,  0,   7.732, 210.646,  58.513,  25.000, 1100
14:03:11:451, 274600465344237,   27.185, 2500,  17.044, 486.436, 135.121,   4.720, 152.901,  42.473, 76,  0,   8.077, 212.264,  58.962,  25.000, 1100
14:03:11:650, 274600982810580,   27.385, 2500,  20.354, 490.496, 136.249,   7.111, 154.320,  42.867, 78,  0,   8.873, 214.034,  59.454,  25.000, 1100
14:03:11:850, 274601501686267,   27.585, 2000,  16.844, 493.865, 137.185,   4.847, 155.289,  43.136, 75,  0,   7.438, 215.522,  59.867,  25.000, 1100
14:03:12:050, 274602019926904,   27.785, 2000,  16.718, 497.206, 138.113,   4.576, 156.203,  43.390, 76,  0,   7.967, 217.113,  60.309,  25.000, 1100
14:03:12:250, 274602538668021,   27.985, 3100,  17.087, 500.623, 139.062,   4.764, 157.156,  43.654, 75,  0,   7.896, 218.692,  60.748,  25.000, 1100
14:03:12:450, 274603056917153,   28.185, 2500,  16.857, 503.990, 139.997,   4.563, 158.068,  43.908, 75,  0,   7.753, 220.241,  61.178,  25.000, 1100
14:03:12:651, 274603577813504,   28.385, 2000,  19.015, 507.809, 141.058,   6.281, 159.329,  44.258, 76,  0,   8.286, 221.905,  61.640,  25.000, 1100
14:03:12:850, 274604095939379,   28.585, 3100,  19.817, 511.767, 142.158,   6.761, 160.680,  44.633, 77,  0,   8.768, 223.656,  62.127,  25.000, 1100
14:03:13:050, 274604614750263,   28.785, 2400,  16.656, 515.098, 143.083,   4.139, 161.507,  44.863, 76,  0,   7.981, 225.253,  62.570,  25.000, 1100
14:03:13:250, 274605133608071,   28.985, 2400,  20.357, 519.170, 144.214,   7.293, 162.966,  45.268, 77,  0,   8.756, 227.004,  63.057,  25.000, 1100
14:03:13:450, 274605651860445,   29.185, 2200,  16.374, 522.441, 145.123,   4.231, 163.811,  45.503, 76,  0,   7.985, 228.600,  63.500,  25.000, 1100
14:03:13:650, 274606170510313,   29.385, 2500,  19.121, 526.265, 146.185,   6.307, 165.072,  45.853, 77,  0,   8.480, 230.295,  63.971,  25.000, 1100
14:03:13:850, 274606688790866,   29.585, 2500,  20.027, 530.266, 147.296,   6.848, 166.441,  46.234, 78,  0,   8.766, 232.047,  64.457,  25.000, 1100
14:03:14:051, 274607209928451,   29.786, 2300,  16.933, 533.668, 148.241,   4.578, 167.360,  46.489, 76,  0,   8.103, 233.674,  64.910,  25.000, 1100
14:03:14:250, 274607726491435,   29.985, 2000,  16.680, 536.989, 149.164,   4.336, 168.224,  46.729, 76,  0,   8.026, 235.273,  65.354,  25.000, 1100
14:03:14:450, 274608245739071,   30.185, 3100,  17.400, 540.472, 150.131,   4.934, 169.211,  47.003, 77,  0,   7.821, 236.838,  65.788,  25.000, 1100
14:03:14:650, 274608764079516,   30.385, 2500,  20.035, 544.476, 151.243,   7.197, 170.650,  47.403, 77,  0,   8.508, 238.538,  66.261,  25.000, 1100
14:03:14:850, 274609283575762,   30.585, 2500,  20.212, 548.523, 152.368,   7.086, 172.069,  47.797, 79,  0,   8.810, 240.303,  66.751,  25.000, 1100
14:03:15:050, 274609801299774,   30.785, 3100,  17.584, 552.033, 153.343,   5.297, 173.126,  48.090, 79,  0,   7.824, 241.864,  67.185,  25.000, 1100
14:03:15:251, 274610322111179,   30.985, 2000,  16.333, 555.312, 154.253,   4.400, 174.009,  48.336, 76,  0,   7.671, 243.404,  67.612,  25.000, 1100
14:03:15:451, 274610841120948,   31.185, 2000,  16.423, 558.598, 155.166,   4.292, 174.868,  48.574, 76,  0,   7.817, 244.969,  68.047,  25.000, 1100
14:03:15:650, 274611357915085,   31.385, 2000,  17.192, 562.023, 156.118,   4.838, 175.832,  48.842, 76,  0,   7.770, 246.516,  68.477,  25.000, 1100
14:03:15:850, 274611878270482,   31.585, 2500,  20.553, 566.146, 157.263,   7.423, 177.321,  49.256, 79,  0,   8.745, 248.271,  68.964,  25.000, 1100
14:03:16:050, 274612396110274,   31.785, 2000,  16.763, 569.493, 158.192,   4.404, 178.200,  49.500, 76,  0,   8.104, 249.889,  69.413,  25.000, 1100
14:03:16:250, 274612914811762,   31.985, 2500,  20.346, 573.561, 159.323,   7.569, 179.714,  49.920, 79,  0,   8.506, 251.589,  69.886,  25.000, 1100
14:03:16:450, 274613433755032,   32.185, 3100,  20.960, 577.754, 160.487,   8.231, 181.360,  50.378, 79,  0,   8.360, 253.262,  70.351,  25.000, 1100
14:03:16:651, 274613953801781,   32.385, 3100,  18.693, 581.502, 161.528,   5.858, 182.535,  50.704, 77,  0,   8.549, 254.976,  70.827,  25.000, 1100
14:03:16:851, 274614472440676,   32.585, 2000,  19.843, 585.469, 162.630,   6.822, 183.899,  51.083, 77,  0,   8.504, 256.676,  71.299,  25.000, 1100
14:03:17:050, 274614989428245,   32.785, 2000,  17.846, 589.026, 163.618,   4.808, 184.857,  51.349, 77,  0,   8.440, 258.358,  71.766,  25.000, 1100
14:03:17:250, 274615508423645,   32.985, 2000,  16.649, 592.357, 164.544,   3.865, 185.630,  51.564, 77,  0,   8.452, 260.049,  72.236,  25.000, 1100
14:03:17:450, 274616027596872,   33.185, 2000,  17.004, 595.760, 165.489,   4.146, 186.460,  51.794, 77,  0,   8.242, 261.699,  72.694,  25.000, 1100
14:03:17:650, 274616546509910,   33.385, 2000,  18.000, 599.361, 166.489,   5.126, 187.486,  52.079, 77,  0,   8.164, 263.332,  73.148,  25.000, 1100
14:03:17:850, 274617064820720,   33.585, 2600,  18.797, 603.117, 167.533,   5.506, 188.586,  52.385, 77,  0,   8.889, 265.108,  73.641,  25.000, 1100
14:03:18:051, 274617585028887,   33.785, 2000,  17.328, 606.592, 168.498,   3.975, 189.383,  52.606, 77,  0,   8.658, 266.845,  74.124,  25.000, 1100
14:03:18:251, 274618104040211,   33.985, 2000,  17.868, 610.167, 169.491,   4.982, 190.380,  52.883, 77,  0,   8.259, 268.497,  74.583,  25.000, 1100
14:03:18:450, 274618622145418,   34.185, 2500,  20.697, 614.301, 170.639,   7.195, 191.817,  53.282, 79,  0,   9.030, 270.301,  75.084,  25.000, 1100
14:03:18:650, 274619140239574,   34.385, 2500,  20.795, 618.454, 171.793,   9.676, 193.750,  53.819, 79,  0,   6.579, 271.615,  75.449,  25.000, 1100
14:03:18:850, 274619659723898,   34.585, 2500,  19.855, 622.431, 172.897,   6.801, 195.112,  54.198, 79,  0,   8.476, 273.312,  75.920,  25.000, 1100
14:03:19:050, 274620178519377,   34.785, 2500,  18.970, 626.225, 173.951,   6.231, 196.358,  54.544, 77,  0,   8.353, 274.983,  76.384,  25.000, 1100
14:03:19:251, 274620698244336,   34.985, 2500,  21.005, 630.433, 175.120,   7.611, 197.883,  54.967, 79,  0,   8.985, 276.783,  76.884,  25.000, 1100
14:03:19:451, 274621216886269,   35.185, 2400,  16.469, 633.726, 176.035,   4.291, 198.741,  55.206, 77,  0,   7.439, 278.270,  77.297,  25.000, 1100
14:03:19:651, 274621735443139,   35.385, 2500,  20.008, 637.726, 177.146,   7.139, 200.168,  55.602, 78,  0,   8.486, 279.967,  77.769,  25.000, 1100
14:03:19:851, 274622254654800,   35.585, 2500,  18.932, 641.515, 178.199,   6.040, 201.377,  55.938, 79,  0,   8.540, 281.676,  78.243,  25.000, 1100
14:03:20:050, 274622771398845,   35.785, 2000,  18.056, 645.112, 179.198,   5.746, 202.522,  56.256, 77,  0,   7.707, 283.211,  78.670,  25.000, 1100
14:03:20:250, 274623291017750,   35.985, 2500,  18.633, 648.844, 180.235,   6.096, 203.743,  56.595, 79,  0,   8.040, 284.822,  79.117,  25.000, 1100
14:03:20:450, 274623810238689,   36.185, 2000,  21.717, 653.191, 181.442,   7.427, 205.229,  57.008, 78,  0,   9.778, 286.779,  79.661,  25.000, 1100
14:03:20:651, 274624329051123,   36.385, 2000,  19.809, 657.153, 182.543,   6.773, 206.584,  57.384, 78,  0,   8.442, 288.467,  80.130,  25.000, 1100
14:03:20:851, 274624848538367,   36.585, 2000,  18.574, 660.873, 183.576,   5.374, 207.660,  57.683, 78,  0,   8.748, 290.219,  80.616,  25.000, 1100
14:03:21:051, 274625367352451,   36.785, 2500,  18.915, 664.656, 184.627,   5.691, 208.798,  58.000, 79,  0,   8.831, 291.985,  81.107,  25.000, 1100
14:03:21:250, 274625885540129,   36.985, 2500,  18.318, 668.315, 185.643,   5.035, 209.804,  58.279, 78,  0,   8.655, 293.714,  81.587,  25.000, 1100
14:03:21:450, 274626405224390,   37.185, 2500,  18.707, 672.063, 186.684,   5.441, 210.894,  58.582, 78,  0,   8.666, 295.451,  82.070,  25.000, 1100
14:03:21:650, 274626922339478,   37.385, 2500,  18.073, 675.666, 187.685,   5.173, 211.925,  58.868, 77,  0,   8.549, 297.155,  82.543,  25.000, 1100
14:03:21:850, 274627441988616,   37.585, 2500,  20.415, 679.756, 188.821,   7.192, 213.366,  59.268, 78,  0,   8.858, 298.929,  83.036,  25.000, 1100
14:03:22:051, 274627960662901,   37.785, 2500,  18.723, 683.499, 189.861,   6.111, 214.588,  59.608, 78,  0,   8.288, 300.587,  83.496,  25.000, 1100
14:03:22:251, 274628479706026,   37.985, 2000,  18.113, 687.124, 190.868,   5.303, 215.649,  59.903, 78,  0,   8.408, 302.269,  83.964,  25.000, 1100
14:03:22:451, 274628999112363,   38.185, 2000,  16.213, 690.370, 191.769,   3.843, 216.419,  60.116, 77,  0,   7.763, 303.823,  84.395,  25.000,  950
14:03:22:651, 274629518423749,   38.386, 2000,  15.880, 693.549, 192.653,   5.563, 217.532,  60.426, 77,  0,   5.880, 305.000,  84.722,  25.000,  700
14:03:22:850, 274630035094292,   38.585, 2000,  13.898, 696.317, 193.421,   3.965, 218.322,  60.645, 76,  0,   5.590, 306.114,  85.032,  25.000,  850
14:03:23:050, 274630553892910,   38.785, 2000,  14.116, 699.140, 194.206,   3.234, 218.969,  60.825, 77,  0,   6.462, 307.406,  85.391,  25.000,  950
14:03:23:250, 274631072986383,   38.985, 2000,  14.902, 702.123, 195.034,   4.059, 219.781,  61.050, 77,  0,   6.457, 308.698,  85.750,  25.000,  950
14:03:23:451, 274631592164529,   39.185, 2000,  14.616, 705.048, 195.847,   3.482, 220.478,  61.244, 77,  0,   6.937, 310.087,  86.135,  25.000,  950
14:03:23:651, 274632111728342,   39.385, 2000,  14.716, 707.995, 196.665,   3.391, 221.157,  61.433, 77,  0,   6.991, 311.487,  86.524,  25.000, 1000
14:03:23:850, 274632629294910,   39.585, 2000,  15.633, 711.115, 197.532,   4.468, 222.049,  61.680, 78,  0,   6.870, 312.858,  86.905,  25.000,  850
14:03:24:051, 274633148961682,   39.785, 2000,  14.639, 714.047, 198.346,   3.741, 222.798,  61.888, 77,  0,   6.565, 314.173,  87.270,  25.000,  900
14:03:24:251, 274633668504869,   39.985, 2000,  14.933, 717.038, 199.177,   4.018, 223.603,  62.112, 77,  0,   6.477, 315.470,  87.631,  25.000,  900
14:03:24:451, 274634187613972,   40.186, 2000,  14.135, 719.867, 199.963,   3.273, 224.258,  62.294, 77,  0,   6.622, 316.795,  87.999,  25.000, 1000
14:03:24:650, 274634704002333,   40.385, 2000,  14.890, 722.831, 200.786,   3.315, 224.918,  62.477, 76,  0,   7.280, 318.245,  88.401,  25.000, 1000
14:03:24:850, 274635224230015,   40.585, 2000,  15.057, 725.851, 201.625,   3.790, 225.678,  62.688, 77,  0,   6.885, 319.625,  88.785,  25.000, 1000
14:03:25:050, 274635743716007,   40.785, 2000,  15.121, 728.879, 202.466,   3.973, 226.474,  62.909, 76,  0,   6.855, 320.998,  89.166,  25.000,  950
14:03:25:252, 274636264905812,   40.986, 2000,  14.410, 731.774, 203.271,   3.369, 227.151,  63.097, 76,  0,   6.882, 322.381,  89.550,  25.000, 1000
14:03:25:451, 274636781085097,   41.185, 2000,  15.982, 734.955, 204.154,   4.994, 228.144,  63.373, 76,  0,   6.725, 323.719,  89.922,  25.000,  850
14:03:25:650, 274637300055081,   41.385, 2000,  14.474, 737.850, 204.958,   3.653, 228.875,  63.576, 76,  0,   6.404, 325.000,  90.278,  25.000,  900
14:03:25:850, 274637817581415,   41.585, 2000,  14.700, 740.783, 205.773,   4.061, 229.685,  63.801, 76,  0,   6.314, 326.260,  90.628,  25.000,  950
14:03:26:050, 274638336507864,   41.785, 2000,  14.458, 743.675, 206.576,   3.210, 230.327,  63.980, 76,  0,   7.068, 327.674,  91.021,  25.000, 1000
14:03:26:251, 274638855904302,   41.985, 2000,  15.122, 746.703, 207.418,   3.320, 230.992,  64.164, 76,  0,   7.312, 329.138,  91.427,  25.000, 1050
14:03:26:450, 274639373993383,   42.185, 2000,  15.726, 749.844, 208.290,   4.428, 231.877,  64.410, 76,  0,   6.929, 330.522,  91.812,  25.000,  850
14:03:26:651, 274639894005671,   42.385, 2000,  14.270, 752.705, 209.085,   3.365, 232.551,  64.598, 76,  0,   6.654, 331.856,  92.182,  25.000,  950
14:03:26:851, 274640413165304,   42.586, 2000,  14.896, 755.686, 209.913,   3.423, 233.236,  64.788, 76,  0,   6.918, 333.241,  92.567,  25.000,  950
14:03:27:050, 274640929578329,   42.785, 2000,  14.688, 758.610, 210.725,   3.309, 233.895,  64.971, 75,  0,   6.784, 334.591,  92.942,  25.000, 1000
14:03:27:250, 274641448821838,   42.985, 2000,  14.969, 761.606, 211.557,   3.582, 234.612,  65.170, 75,  0,   7.150, 336.023,  93.340,  25.000,  950
14:03:27:450, 274641968340241,   43.185, 2000,  15.275, 764.666, 212.407,   3.888, 235.391,  65.386, 76,  0,   7.040, 337.433,  93.731,  25.000,  900
14:03:27:651, 274642487266065,   43.385, 2000,  14.792, 767.625, 213.229,   4.170, 236.225,  65.618, 75,  0,   6.144, 338.662,  94.073,  25.000,  950
14:03:27:851, 274643006528747,   43.585, 2000,  14.720, 770.571, 214.048,   3.711, 236.968,  65.824, 75,  0,   6.745, 340.012,  94.448,  25.000,  950
14:03:28:050, 274643524396638,   43.785, 2000,  14.699, 773.506, 214.863,   3.454, 237.657,  66.016, 75,  0,   6.908, 341.391,  94.831,  25.000, 1000
14:03:28:251, 274644044522478,   43.985, 2000,  14.919, 776.497, 215.694,   3.361, 238.331,  66.203, 75,  0,   6.980, 342.791,  95.220,  25.000, 1050
14:03:28:450, 274644561309793,   44.185, 2000,  15.042, 779.494, 216.526,   3.434, 239.015,  66.393, 75,  0,   7.390, 344.263,  95.629,  25.000, 1000
14:03:28:650, 274645080745152,   44.385, 2000,  15.011, 782.500, 217.361,   3.930, 239.802,  66.612, 75,  0,   6.791, 345.623,  96.006,  25.000,  950
14:03:28:850, 274645599572312,   44.585, 2000,  14.729, 785.446, 218.179,   3.610, 240.524,  66.812, 75,  0,   6.609, 346.945,  96.374,  25.000, 1000
14:03:29:051, 274646118739038,   44.785, 2000,  14.887, 788.425, 219.007,   3.377, 241.200,  67.000, 75,  0,   7.227, 348.391,  96.775,  25.000, 1000
14:03:29:250, 274646637321497,   44.985, 2000,  15.307, 791.486, 219.857,   3.743, 241.949,  67.208, 75,  0,   7.381, 349.867,  97.185,  25.000,  950
14:03:29:451, 274647157217819,   45.185, 2000,  14.456, 794.383, 220.662,   3.305, 242.611,  67.392, 75,  0,   6.652, 351.200,  97.556,  25.000, 1050
14:03:29:651, 274647675971145,   45.385, 2000,  15.904, 797.563, 221.545,   4.548, 243.521,  67.645, 76,  0,   7.047, 352.609,  97.947,  25.000,  850
14:03:29:851, 274648195385558,   45.586, 2000,  14.257, 800.418, 222.338,   3.472, 244.216,  67.838, 75,  0,   6.478, 353.906,  98.307,  25.000,  950
14:03:30:050, 274648711700515,   45.785, 2000,  14.642, 803.333, 223.148,   3.372, 244.887,  68.024, 75,  0,   6.731, 355.246,  98.679,  25.000, 1000
14:03:30:250, 274649231772931,   45.985, 2000,  15.284, 806.397, 223.999,   3.986, 245.686,  68.246, 76,  0,   6.944, 356.638,  99.066,  25.000,  950
14:03:30:451, 274649750452262,   46.185, 2000,  14.499, 809.296, 224.804,   3.310, 246.348,  68.430, 75,  0,   6.867, 358.011,  99.448,  25.000, 1000
14:03:30:651, 274650269738893,   46.385, 2000,  15.103, 812.320, 225.644,   3.600, 247.069,  68.630, 75,  0,   6.969, 359.406,  99.835,  25.000, 1000
14:03:30:850, 274650787919456,   46.585, 2000,  15.778, 815.471, 226.520,   5.023, 248.072,  68.909, 75,  0,   6.394, 360.683, 100.190,  25.000,  800
14:03:31:050, 274651305850671,   46.785, 2000,  14.115, 818.290, 227.303,   3.449, 248.761,  69.100, 75,  0,   6.380, 361.957, 100.544,  25.000,  950
14:03:31:250, 274651824495173,   46.985, 2000,  14.916, 821.272, 228.131,   4.131, 249.587,  69.330, 75,  0,   6.323, 363.221, 100.895,  25.000,  950
14:03:31:450, 274652343638638,   47.185, 2000,  14.513, 824.177, 228.938,   3.471, 250.281,  69.523, 75,  0,   6.601, 364.542, 101.262,  25.000, 1050
14:03:31:650, 274652862876158,   47.385, 2000,  14.987, 827.177, 229.771,   3.355, 250.953,  69.709, 74,  0,   7.386, 366.021, 101.672,  25.000, 1000
14:03:31:851, 274653382224680,   47.585, 2000,  15.851, 830.350, 230.653,   4.618, 251.878,  69.966, 76,  0,   6.862, 367.395, 102.054,  25.000,  850
14:03:32:051, 274653901172029,   47.785, 2000,  14.163, 833.183, 231.440,   3.425, 252.563,  70.156, 75,  0,   6.238, 368.643, 102.401,  25.000, 1000
14:03:32:251, 274654420303379,   47.985, 2000,  14.845, 836.154, 232.265,   3.451, 253.253,  70.348, 75,  0,   7.079, 370.059, 102.794,  25.000,  950
14:03:32:450, 274654938719804,   48.185, 2000,  14.961, 839.144, 233.096,   3.407, 253.934,  70.537, 75,  0,   7.076, 371.473, 103.187,  25.000, 1000
14:03:32:650, 274655457942040,   48.385, 2000,  14.946, 842.136, 233.927,   3.764, 254.688,  70.747, 75,  0,   6.682, 372.811, 103.559,  25.000, 1000
14:03:32:850, 274655975032274,   48.585, 2000,  15.659, 845.258, 234.794,   4.649, 255.614,  71.004, 75,  0,   6.740, 374.154, 103.932,  25.000,  850
14:03:33:050, 274656494525737,   48.785, 2000,  14.303, 848.122, 235.589,   3.690, 256.353,  71.209, 74,  0,   6.275, 375.411, 104.281,  25.000,  950
14:03:33:251, 274657013712025,   48.985, 2000,  14.730, 851.070, 236.408,   3.380, 257.030,  71.397, 75,  0,   6.799, 376.772, 104.659,  25.000, 1000
14:03:33:451, 274657532927262,   49.185, 2000,  15.164, 854.105, 237.252,   4.045, 257.839,  71.622, 75,  0,   6.835, 378.140, 105.039,  25.000,  950
14:03:33:651, 274658052059315,   49.385, 2000,  14.805, 857.068, 238.075,   3.697, 258.579,  71.828, 74,  0,   6.787, 379.498, 105.416,  25.000,  950
14:03:33:851, 274658571443090,   49.586, 2000,  14.742, 860.020, 238.894,   3.660, 259.312,  72.031, 75,  0,   6.597, 380.819, 105.783,  25.000, 1000
14:03:34:050, 274659087701742,   49.785, 2000,  15.848, 863.174, 239.771,   4.811, 260.270,  72.297, 75,  0,   6.602, 382.133, 106.148,  25.000,  800
14:03:34:250, 274659607117023,   49.985, 2000,  14.097, 865.997, 240.555,   3.406, 260.952,  72.487, 74,  0,   6.385, 383.412, 106.503,  25.000,  950
14:03:34:450, 274660126358139,   50.185, 2000,  14.609, 868.921, 241.367,   3.264, 261.605,  72.668, 75,  0,   6.862, 384.785, 106.885,  25.000, 1050
14:03:34:651, 274660645331728,   50.385, 2000,  15.068, 871.936, 242.204,   3.729, 262.351,  72.875, 74,  0,   6.914, 386.168, 107.269,  25.000, 1000
14:03:34:851, 274661164538076,   50.585, 2000,  14.958, 874.930, 243.036,   3.802, 263.112,  73.087, 74,  0,   6.924, 387.554, 107.654,  25.000,  950
14:03:35:050, 274661681867586,   50.785, 2000,  15.328, 877.987, 243.885,   3.959, 263.902,  73.306, 75,  0,   6.966, 388.944, 108.040,  25.000,  900
14:03:35:250, 274662200792230,   50.985, 2000,  14.487, 880.885, 244.690,   3.858, 264.673,  73.520, 74,  0,   6.184, 390.181, 108.384,  25.000,  950
14:03:35:450, 274662719957355,   51.185, 2000,  14.668, 883.820, 245.506,   3.423, 265.359,  73.711, 76,  0,   7.016, 391.585, 108.774,  25.000, 1000
14:03:35:650, 274663238769055,   51.385, 2000,  15.217, 886.864, 246.351,   3.787, 266.116,  73.921, 74,  0,   6.987, 392.982, 109.162,  25.000,  950
14:03:35:850, 274663757476960,   51.585, 2000,  14.670, 889.797, 247.166,   3.608, 266.837,  74.121, 74,  0,   6.532, 394.289, 109.525,  25.000, 1000
14:03:36:051, 274664276720833,   51.785, 2000,  15.264, 892.853, 248.015,   3.806, 267.599,  74.333, 75,  0,   7.232, 395.736, 109.927,  25.000,  900
14:03:36:250, 274664794476208,   51.985, 2000,  14.603, 895.768, 248.824,   3.860, 268.370,  74.547, 74,  0,   6.368, 397.007, 110.280,  25.000,  950
14:03:36:451, 274665315048950,   52.185, 2000,  14.579, 898.693, 249.637,   3.251, 269.022,  74.728, 74,  0,   6.787, 398.369, 110.658,  25.000, 1050
14:03:36:650, 274665832115926,   52.385, 2000,  15.114, 901.706, 250.474,   3.454, 269.711,  74.920, 74,  0,   7.386, 399.842, 111.067,  25.000, 1000
14:03:36:850, 274666351105394,   52.585, 2000,  15.521, 904.811, 251.336,   4.333, 270.577,  75.160, 75,  0,   6.979, 401.238, 111.455,  25.000,  900
14:03:37:050, 274666870408840,   52.785, 2000,  14.266, 907.667, 252.130,   3.294, 271.237,  75.344, 75,  0,   6.487, 402.537, 111.816,  25.000, 1000
14:03:37:250, 274667389837447,   52.985, 2000,  15.953, 910.862, 253.017,   4.772, 272.192,  75.609, 76,  0,   6.858, 403.910, 112.197,  25.000,  850
14:03:37:451, 274667908392731,   53.185, 2000,  14.025, 913.665, 253.796,   3.220, 272.836,  75.788, 75,  0,   6.468, 405.203, 112.556,  25.000,  950
14:03:37:651, 274668427942037,   53.385, 2000,  14.841, 916.638, 254.622,   3.518, 273.541,  75.984, 75,  0,   6.750, 406.555, 112.932,  25.000, 1000
14:03:37:850, 274668946090203,   53.585, 2000,  15.533, 919.740, 255.483,   4.464, 274.432,  76.231, 74,  0,   6.859, 407.925, 113.312,  25.000,  900
14:03:38:051, 274669466269235,   53.786, 2000,  14.309, 922.610, 256.281,   3.396, 275.113,  76.420, 74,  0,   6.713, 409.271, 113.686,  25.000, 1000
14:03:38:250, 274669984670119,   53.986, 2000,  15.318, 925.671, 257.131,   3.802, 275.873,  76.631, 75,  0,   7.099, 410.690, 114.080,  25.000,  950
14:03:38:450, 274670502296537,   54.185, 2000,  15.495, 928.763, 257.990,   4.847, 276.840,  76.900, 75,  0,   6.394, 411.966, 114.435,  25.000,  850
14:03:38:650, 274671020941183,   54.385, 2000,  14.068, 931.576, 258.771,   3.456, 277.531,  77.092, 74,  0,   6.344, 413.234, 114.787,  25.000,  950
14:03:38:851, 274671540083298,   54.585, 2000,  14.936, 934.565, 259.601,   3.955, 278.323,  77.312, 74,  0,   6.560, 414.547, 115.152,  25.000,  950
14:03:39:051, 274672059173039,   54.785, 2000,  14.680, 937.503, 260.417,   3.401, 279.003,  77.501, 75,  0,   6.842, 415.916, 115.532,  25.000, 1050
14:03:39:251, 274672578815912,   54.986, 2000,  14.836, 940.475, 261.243,   3.207, 279.646,  77.679, 74,  0,   7.465, 417.411, 115.948,  25.000, 1050
14:03:39:450, 274673096439439,   55.185, 2000,  15.877, 943.643, 262.123,   4.466, 280.537,  77.927, 75,  0,   7.136, 418.835, 116.343,  25.000,  900
14:03:39:650, 274673614143249,   55.385, 2000,  14.381, 946.513, 262.920,   3.587, 281.253,  78.126, 74,  0,   6.373, 420.107, 116.697,  25.000, 1000
14:03:39:850, 274674134431022,   55.585, 2000,  15.476, 949.617, 263.783,   4.440, 282.144,  78.373, 75,  0,   6.840, 421.479, 117.078,  25.000,  850
14:03:40:050, 274674652285050,   55.785, 2000,  14.487, 952.509, 264.586,   3.326, 282.808,  78.558, 74,  0,   6.878, 422.853, 117.459,  25.000,  950
14:03:40:251, 274675171589154,   55.985, 2000,  15.336, 955.579, 265.439,   4.454, 283.699,  78.805, 75,  0,   6.699, 424.194, 117.832,  25.000,  900
14:03:40:451, 274675690529769,   56.185, 2000,  14.592, 958.499, 266.250,   3.884, 284.476,  79.021, 75,  0,   6.525, 425.499, 118.194,  25.000,  950
14:03:40:651, 274676210010097,   56.385, 2000,  14.466, 961.395, 267.054,   3.246, 285.126,  79.202, 74,  0,   6.860, 426.873, 118.576,  25.000, 1000
14:03:40:851, 274676729330379,   56.586, 2000,  15.110, 964.421, 267.895,   3.945, 285.916,  79.421, 74,  0,   6.763, 428.227, 118.952,  25.000,  950
14:03:41:050, 274677246102517,   56.785, 2000,  14.917, 967.392, 268.720,   3.498, 286.613,  79.615, 75,  0,   7.087, 429.639, 119.344,  25.000,  950
14:03:41:250, 274677764596976,   56.985, 2000,  15.039, 970.398, 269.555,   3.809, 287.374,  79.826, 74,  0,   6.821, 431.002, 119.723,  25.000,  950
14:03:41:451, 274678285407478,   57.186, 2000,  14.577, 973.325, 270.368,   3.428, 288.062,  80.017, 75,  0,   7.010, 432.410, 120.114,  25.000,  950
14:03:41:650, 274678802497423,   57.385, 2000,  15.069, 976.329, 271.202,   4.169, 288.893,  80.248, 75,  0,   6.489, 433.703, 120.473,  25.000,  950
14:03:41:850, 274679321330585,   57.585, 2000,  14.658, 979.261, 272.017,   3.631, 289.620,  80.450, 74,  0,   6.508, 435.005, 120.835,  25.000, 1000
14:03:42:050, 274679840421266,   57.785, 2000,  14.928, 982.248, 272.847,   3.525, 290.325,  80.646, 74,  0,   7.131, 436.432, 121.231,  25.000, 1000
14:03:42:251, 274680359942883,   57.985, 2000,  14.929, 985.238, 273.677,   3.339, 290.994,  80.832, 74,  0,   7.166, 437.867, 121.630,  25.000, 1000
14:03:42:450, 274680877741931,   58.185, 2000,  15.558, 988.344, 274.540,   4.094, 291.811,  81.059, 75,  0,   7.048, 439.274, 122.021,  25.000,  900
14:03:42:650, 274681396226297,   58.385, 2000,  14.880, 991.318, 275.366,   4.209, 292.652,  81.292, 74,  0,   6.343, 440.542, 122.373,  25.000,  900
14:03:42:851, 274681916900174,   58.586, 2000,  14.324, 994.193, 276.165,   3.315, 293.318,  81.477, 74,  0,   6.632, 441.873, 122.742,  25.000, 1000
14:03:43:050, 274682434432727,   58.785, 2000,  15.407, 997.267, 277.019,   4.050, 294.126,  81.702, 74,  0,   6.933, 443.256, 123.127,  25.000,  900
14:03:43:250, 274682953133050,   58.985, 2000,  14.430,1000.152, 277.820,   3.507, 294.827,  81.896, 74,  0,   6.651, 444.586, 123.496,  25.000,  950
14:03:43:450, 274683471937591,   59.185, 2000,  14.754,1003.103, 278.640,   3.391, 295.505,  82.085, 74,  0,   7.042, 445.994, 123.887,  25.000, 1000
14:03:43:651, 274683992308787,   59.386, 2000,  15.574,1006.227, 279.508,   4.128, 296.333,  82.315, 74,  0,   6.970, 447.393, 124.276,  25.000,  900
14:03:43:851, 274684510860395,   59.585, 2000,  15.290,1009.284, 280.357,   4.813, 297.295,  82.582, 75,  0,   6.221, 448.636, 124.621,  25.000,  800
14:03:44:051, 274685029801047,   59.786, 2000,  14.610,1012.207, 281.169,   4.387, 298.173,  82.826, 75,  0,   5.957, 449.828, 124.952,  25.000,  850
14:03:44:250, 274685546899134,   59.985, 2000,  14.294,1015.056, 281.960,   3.444, 298.860,  83.017, 74,  0,   6.374, 451.099, 125.305,  25.000, 1000

Total Elapsed Time (sec) = 59.984896
Measured RDTSC Frequency (GHz) = 2.594

Cumulative Processor Energy_0 (Joules) = 1015.056152
Cumulative Processor Energy_0 (mWh) = 281.960042
Average Processor Power_0 (Watt) = 16.921862

Cumulative IA Energy_0 (Joules) = 298.859558
Cumulative IA Energy_0 (mWh) = 83.016544
Average IA Power_0 (Watt) = 4.982247

Cumulative GT Energy_0 (Joules) = 451.098694
Cumulative GT Energy_0 (mWh) = 125.305193
Average GT Power_0 (Watt) = 7.520205
